intrinsic:
1963.1745638704467 0.0 928.0890700933885 
0.0 1961.6635450288652 533.756722408807 
0.0 0.0 1.0 
distortion:
-0.11848815085443935 -0.0056688819490213005 0.0005375932596980252 -0.0008920359852771433 -0.5819635733750278 
