intrinsic:
1943.9766227890136 0.0 949.7170468949262 
0.0 1942.0657008688045 621.3405681295989 
0.0 0.0 1.0 
distortion:
-0.09027831556173935 -0.20887373842705068 0.004024264794187106 0.0028161301322549024 -0.030566509523156246 
